$MeshFormat
4.1 0 8
$EndMeshFormat
$Entities
4 6 4 1
1 0 0 0 0 
2 0 0 1 0 
3 0 1 0 0 
4 1 0 0 0 
12 -1e-07 -1e-07 -9.999999994736442e-08 1e-07 1e-07 1.0000001 1 1 2 1 -2 
13 -1e-07 -9.999999994736442e-08 -1e-07 1e-07 1.0000001 1e-07 1 1 2 1 -3 
14 -9.999999994736442e-08 -1e-07 -1e-07 1.0000001 1e-07 1e-07 1 1 2 1 -4 
23 -1e-07 -9.999999994736442e-08 -9.999999994736442e-08 1e-07 1.0000001 1.0000001 1 1 2 2 -3 
24 -9.999999994736442e-08 -1e-07 -9.999999994736442e-08 1.0000001 1e-07 1.0000001 1 1 2 2 -4 
34 -9.999999994736442e-08 -9.999999994736442e-08 -1e-07 1.0000001 1.0000001 1e-07 2 1 2 2 3 -4 
101 -1e-07 -9.999999994736442e-08 -9.999999994736442e-08 1e-07 1.0000001 1.0000001 1 1 3 12 23 -13 
102 -9.999999994736442e-08 -1e-07 -9.999999994736442e-08 1.0000001 1e-07 1.0000001 1 1 3 12 24 -14 
103 -9.999999994736442e-08 -9.999999994736442e-08 -1e-07 1.0000001 1.0000001 1e-07 1 2 3 13 34 -14 
104 -9.999999994736442e-08 -9.999999994736442e-08 -9.999999994736442e-08 1.0000001 1.0000001 1.0000001 1 2 3 23 34 -24 
1001 -9.999999994736442e-08 -9.999999994736442e-08 -9.999999994736442e-08 1.0000001 1.0000001 1.0000001 1 3 4 101 -102 103 -104 
$EndEntities
$Nodes
15 358 1 358
0 1 0 1
1
0 0 0
0 2 0 1
2
0 0 1
0 3 0 1
3
0 1 0
0 4 0 1
4
1 0 0
1 12 0 9
5
6
7
8
9
10
11
12
13
0 0 0.1
0 0 0.2
0 0 0.3
0 0 0.4
0 0 0.5
0 0 0.6
0 0 0.7
0 0 0.8
0 0 0.9
1 13 0 9
14
15
16
17
18
19
20
21
22
0 0.1 0
0 0.2 0
0 0.3 0
0 0.4 0
0 0.5 0
0 0.6 0
0 0.7 0
0 0.8 0
0 0.9 0
1 14 0 9
23
24
25
26
27
28
29
30
31
0.1 0 0
0.2 0 0
0.3 0 0
0.4 0 0
0.5 0 0
0.6 0 0
0.7 0 0
0.8 0 0
0.9 0 0
1 23 0 14
32
33
34
35
36
37
38
39
40
41
42
43
44
45
0 0.06666666666666667 0.9333333333333333
0 0.1333333333333334 0.8666666666666667
0 0.2 0.8
0 0.2666666666666668 0.7333333333333332
0 0.3333333333333335 0.6666666666666665
0 0.4000000000000001 0.5999999999999999
0 0.4666666666666667 0.5333333333333333
0 0.5333333333333333 0.4666666666666667
0 0.6 0.4
0 0.666666666666667 0.333333333333333
0 0.7333333333333336 0.2666666666666664
0 0.8000000000000003 0.1999999999999997
0 0.8666666666666668 0.1333333333333332
0 0.9333333333333333 0.06666666666666665
1 24 0 14
46
47
48
49
50
51
52
53
54
55
56
57
58
59
0.06666666666666667 0 0.9333333333333333
0.1333333333333334 0 0.8666666666666667
0.2 0 0.8
0.2666666666666668 0 0.7333333333333332
0.3333333333333335 0 0.6666666666666665
0.4000000000000001 0 0.5999999999999999
0.4666666666666667 0 0.5333333333333333
0.5333333333333333 0 0.4666666666666667
0.6 0 0.4
0.666666666666667 0 0.333333333333333
0.7333333333333336 0 0.2666666666666664
0.8000000000000003 0 0.1999999999999997
0.8666666666666668 0 0.1333333333333332
0.9333333333333333 0 0.06666666666666665
1 34 0 14
60
61
62
63
64
65
66
67
68
69
70
71
72
73
0.06666666666666667 0.9333333333333333 0
0.1333333333333334 0.8666666666666667 0
0.2 0.8 0
0.2666666666666668 0.7333333333333332 0
0.3333333333333335 0.6666666666666665 0
0.4000000000000001 0.5999999999999999 0
0.4666666666666667 0.5333333333333333 0
0.5333333333333333 0.4666666666666667 0
0.6 0.4 0
0.666666666666667 0.333333333333333 0
0.7333333333333336 0.2666666666666664 0
0.8000000000000003 0.1999999999999997 0
0.8666666666666668 0.1333333333333332 0
0.9333333333333333 0.06666666666666665 0
2 101 0 50
74
75
76
77
78
79
80
81
82
83
84
85
86
87
88
89
90
91
92
93
94
95
96
97
98
99
100
101
102
103
104
105
106
107
108
109
110
111
112
113
114
115
116
117
118
119
120
121
122
123
0 0.4411629059734741 0.4404004506489538
0 0.08680161542467091 0.2521832206477593
0 0.3476314944032735 0.09657074698685592
0 0.08653097121138426 0.4508152349813127
0 0.5835318817219191 0.3167378352096968
0 0.3137672731593455 0.5784826986077781
0 0.5524611320718777 0.08223553714210052
0 0.08299185773409057 0.6444464803729648
0 0.7144607282621159 0.1739100556409158
0 0.1566959188845127 0.09097129612252086
0 0.1057664688197564 0.7906261505470795
0 0.08551914687048523 0.5493258394378968
0 0.1678757073829799 0.5008160926192136
0 0.1720232821104579 0.402395073551668
0 0.2463648965720668 0.4528210409731387
0 0.2560564556932956 0.354632840864374
0 0.341033600112726 0.417459737992268
0 0.3414735717034426 0.3085443583607586
0 0.2584836821737749 0.2572119597720231
0 0.3441412741442425 0.2091209910869866
0 0.4243366708932839 0.2570076926468655
0 0.2599199204904141 0.1589540965229983
0 0.4297530974873037 0.1646919465683536
0 0.5063014033739129 0.2138319805130574
0 0.1648186187662588 0.5983303546353751
0 0.1621840337618037 0.7045256989418862
0 0.08706996716976989 0.3516237391863951
0 0.7546194770635991 0.07718110862635896
0 0.6549413197459057 0.08891785169828098
0 0.5936702463378762 0.1703696803303379
0 0.3778956834544365 0.5124033125661231
0 0.5126562919448936 0.3791746527498808
0 0.1725677807321724 0.3042030460696403
0 0.1697067069554487 0.203071238283768
0 0.08106822033692007 0.153238472635156
0 0.4246871388139687 0.3511066449771718
0 0.2462975523565154 0.642684604533199
0 0.4524760703029211 0.07750929787811356
0 0.06115329376395123 0.8581252301094159
0 0.8476472631460411 0.06620618753843277
0 0.2528494667556401 0.06929922792647503
0 0.6469932011757642 0.2511904752772369
0 0.5043867827809621 0.2930947506046336
0 0.23721989334185 0.548410530078969
0 0.0732050807568877 0.0732050807568877
0 0.5069323899147784 0.1417276884863926
0 0.3032562693280849 0.5019154640436554
0 0.06960983217252087 0.7251032419244459
0 0.7989508666964775 0.1322842000298101
0 0.5748073099377942 0.2407096975311292
2 102 0 50
124
125
126
127
128
129
130
131
132
133
134
135
136
137
138
139
140
141
142
143
144
145
146
147
148
149
150
151
152
153
154
155
156
157
158
159
160
161
162
163
164
165
166
167
168
169
170
171
172
173
0.4411629059734741 0 0.4404004506489538
0.08680161542467091 0 0.2521832206477593
0.3476314944032735 0 0.09657074698685592
0.08653097121138426 0 0.4508152349813127
0.5835318817219191 0 0.3167378352096968
0.3137672731593455 0 0.5784826986077781
0.5524611320718777 0 0.08223553714210052
0.08299185773409057 0 0.6444464803729648
0.7144607282621159 0 0.1739100556409158
0.1566959188845127 0 0.09097129612252086
0.1057664688197564 0 0.7906261505470795
0.08551914687048523 0 0.5493258394378968
0.1678757073829799 0 0.5008160926192136
0.1720232821104579 0 0.402395073551668
0.2463648965720668 0 0.4528210409731387
0.2560564556932956 0 0.354632840864374
0.341033600112726 0 0.417459737992268
0.3414735717034426 0 0.3085443583607586
0.2584836821737749 0 0.2572119597720231
0.3441412741442425 0 0.2091209910869866
0.4243366708932839 0 0.2570076926468655
0.2599199204904141 0 0.1589540965229983
0.4297530974873037 0 0.1646919465683536
0.5063014033739129 0 0.2138319805130574
0.1648186187662588 0 0.5983303546353751
0.1621840337618037 0 0.7045256989418862
0.08706996716976989 0 0.3516237391863951
0.7546194770635991 0 0.07718110862635896
0.6549413197459057 0 0.08891785169828098
0.5936702463378762 0 0.1703696803303379
0.3778956834544365 0 0.5124033125661231
0.5126562919448936 0 0.3791746527498808
0.1725677807321724 0 0.3042030460696403
0.1697067069554487 0 0.203071238283768
0.08106822033692007 0 0.153238472635156
0.4246871388139687 0 0.3511066449771718
0.2462975523565154 0 0.642684604533199
0.4524760703029211 0 0.07750929787811356
0.06115329376395123 0 0.8581252301094159
0.847647263146041 0 0.06620618753843277
0.2528494667556401 0 0.06929922792647503
0.6469932011757642 0 0.2511904752772369
0.5043867827809621 0 0.2930947506046336
0.23721989334185 0 0.548410530078969
0.0732050807568877 0 0.0732050807568877
0.5069323899147784 0 0.1417276884863926
0.3032562693280849 0 0.5019154640436554
0.06960983217252087 0 0.7251032419244459
0.7989508666964775 0 0.1322842000298101
0.5748073099377942 0 0.2407096975311292
2 103 0 50
174
175
176
177
178
179
180
181
182
183
184
185
186
187
188
189
190
191
192
193
194
195
196
197
198
199
200
201
202
203
204
205
206
207
208
209
210
211
212
213
214
215
216
217
218
219
220
221
222
223
0.4411629059734741 0.4404004506489538 0
0.08680161542467091 0.2521832206477593 0
0.3476314944032735 0.09657074698685592 0
0.08653097121138426 0.4508152349813127 0
0.5835318817219191 0.3167378352096968 0
0.3137672731593455 0.5784826986077781 0
0.5524611320718777 0.08223553714210052 0
0.08299185773409057 0.6444464803729648 0
0.7144607282621159 0.1739100556409158 0
0.1566959188845127 0.09097129612252086 0
0.1057664688197564 0.7906261505470795 0
0.08551914687048523 0.5493258394378968 0
0.1678757073829799 0.5008160926192136 0
0.1720232821104579 0.402395073551668 0
0.2463648965720668 0.4528210409731387 0
0.2560564556932956 0.354632840864374 0
0.341033600112726 0.417459737992268 0
0.3414735717034426 0.3085443583607586 0
0.2584836821737749 0.2572119597720231 0
0.3441412741442425 0.2091209910869866 0
0.4243366708932839 0.2570076926468655 0
0.2599199204904141 0.1589540965229983 0
0.4297530974873037 0.1646919465683536 0
0.5063014033739129 0.2138319805130574 0
0.1648186187662588 0.5983303546353751 0
0.1621840337618037 0.7045256989418862 0
0.08706996716976989 0.3516237391863951 0
0.7546194770635991 0.07718110862635896 0
0.6549413197459057 0.08891785169828098 0
0.5936702463378762 0.1703696803303379 0
0.3778956834544365 0.5124033125661231 0
0.5126562919448936 0.3791746527498808 0
0.1725677807321724 0.3042030460696403 0
0.1697067069554487 0.203071238283768 0
0.08106822033692007 0.153238472635156 0
0.4246871388139687 0.3511066449771718 0
0.2462975523565154 0.642684604533199 0
0.4524760703029211 0.07750929787811356 0
0.06115329376395123 0.8581252301094159 0
0.847647263146041 0.06620618753843277 0
0.2528494667556401 0.06929922792647503 0
0.6469932011757642 0.2511904752772369 0
0.5043867827809621 0.2930947506046336 0
0.23721989334185 0.548410530078969 0
0.0732050807568877 0.0732050807568877 0
0.5069323899147784 0.1417276884863926 0
0.3032562693280849 0.5019154640436554 0
0.06960983217252087 0.7251032419244459 0
0.7989508666964775 0.1322842000298101 0
0.5748073099377942 0.2407096975311292 0
2 104 0 91
224
225
226
227
228
229
230
231
232
233
234
235
236
237
238
239
240
241
242
243
244
245
246
247
248
249
250
251
252
253
254
255
256
257
258
259
260
261
262
263
264
265
266
267
268
269
270
271
272
273
274
275
276
277
278
279
280
281
282
283
284
285
286
287
288
289
290
291
292
293
294
295
296
297
298
299
300
301
302
303
304
305
306
307
308
309
310
311
312
313
314
0.06666666666666682 0.4666666666666666 0.4666666666666665
0.5333333333333334 0.0666666666666666 0.4
0.4666666666666666 0.4666666666666668 0.0666666666666666
0.3333333333333337 0.06666666666666649 0.5999999999999996
0.2666666666666668 0.6666666666666666 0.0666666666666666
0.666666666666667 0.2666666666666664 0.0666666666666666
0.06666666666666693 0.3333333333333333 0.5999999999999996
0.06666666666666665 0.6000000000000001 0.3333333333333333
0.06666666666666676 0.2 0.7333333333333332
0.666666666666667 0.0666666666666666 0.2666666666666663
0.0666666666666666 0.7333333333333336 0.1999999999999997
0.8000000000000003 0.1333333333333332 0.06666666666666649
0.2000000000000003 0.0666666666666666 0.7333333333333329
0.1333333333333333 0.8 0.0666666666666666
0.0666666666666666 0.06666666666666671 0.8666666666666665
0.06666666666666654 0.8666666666666669 0.0666666666666666
0.3333333333333335 0.5999999999999999 0.06666666666666654
0.2666666666666669 0.5999999999999999 0.1333333333333332
0.3333333333333336 0.5333333333333333 0.1333333333333331
0.2666666666666671 0.5333333333333332 0.1999999999999998
0.3333333333333336 0.4666666666666666 0.1999999999999997
0.2666666666666672 0.4666666666666665 0.2666666666666663
0.3333333333333338 0.3999999999999999 0.2666666666666663
0.2666666666666673 0.3999999999999998 0.3333333333333329
0.3333333333333339 0.3333333333333333 0.3333333333333328
0.4000000000000005 0.3333333333333334 0.2666666666666662
0.2666666666666674 0.3333333333333331 0.3999999999999995
0.333333333333334 0.2666666666666666 0.3999999999999994
0.2666666666666674 0.2666666666666665 0.466666666666666
0.2000000000000008 0.333333333333333 0.4666666666666661
0.2000000000000008 0.2666666666666664 0.5333333333333325
0.333333333333334 0.1999999999999999 0.466666666666666
0.2000000000000004 0.4666666666666665 0.3333333333333331
0.2000000000000002 0.5999999999999999 0.1999999999999999
0.4000000000000006 0.2 0.3999999999999994
0.4000000000000006 0.1333333333333333 0.466666666666666
0.1333333333333339 0.3333333333333332 0.5333333333333328
0.1333333333333339 0.2666666666666666 0.5999999999999994
0.2000000000000009 0.1999999999999998 0.5999999999999992
0.1333333333333339 0.3999999999999998 0.4666666666666662
0.1333333333333339 0.1999999999999999 0.6666666666666661
0.333333333333334 0.1333333333333332 0.5333333333333325
0.6000000000000001 0.0666666666666666 0.3333333333333331
0.6000000000000003 0.1333333333333333 0.2666666666666664
0.6666666666666671 0.1333333333333332 0.1999999999999997
0.6000000000000003 0.1999999999999999 0.1999999999999997
0.5333333333333337 0.2 0.2666666666666663
0.5333333333333338 0.2666666666666666 0.1999999999999997
0.06666666666666671 0.6666666666666667 0.2666666666666665
0.1333333333333333 0.666666666666667 0.1999999999999997
0.06666666666666671 0.1333333333333334 0.7999999999999998
0.2000000000000007 0.1333333333333332 0.6666666666666661
0.1333333333333334 0.6 0.2666666666666666
0.1333333333333335 0.5333333333333332 0.3333333333333332
0.0666666666666666 0.8000000000000003 0.1333333333333332
0.2000000000000001 0.7333333333333334 0.0666666666666666
0.6000000000000003 0.3333333333333331 0.06666666666666665
0.5333333333333334 0.3999999999999999 0.06666666666666671
0.4666666666666667 0.4000000000000001 0.1333333333333332
0.8000000000000003 0.06666666666666649 0.1333333333333331
0.7333333333333337 0.06666666666666654 0.1999999999999997
0.5333333333333337 0.1333333333333333 0.333333333333333
0.06666666666666698 0.2666666666666667 0.6666666666666663
0.06666666666666687 0.4 0.533333333333333
0.1333333333333337 0.4666666666666665 0.3999999999999998
0.7333333333333337 0.1999999999999997 0.0666666666666666
0.7333333333333338 0.1333333333333331 0.1333333333333331
0.2000000000000001 0.6666666666666666 0.1333333333333332
0.4000000000000005 0.2666666666666667 0.3333333333333328
0.2000000000000006 0.3999999999999998 0.3999999999999996
0.1333333333333334 0.06666666666666671 0.7999999999999998
0.4000000000000001 0.5333333333333334 0.06666666666666649
0.1333333333333335 0.1333333333333333 0.7333333333333329
0.2000000000000003 0.5333333333333332 0.2666666666666665
0.2666666666666674 0.1999999999999999 0.5333333333333325
0.8666666666666669 0.06666666666666665 0.06666666666666649
0.6666666666666671 0.1999999999999998 0.1333333333333331
0.2666666666666674 0.1333333333333332 0.5999999999999992
0.06666666666666676 0.5333333333333333 0.3999999999999999
0.4000000000000002 0.06666666666666637 0.5333333333333333
0.4666666666666668 0.06666666666666649 0.4666666666666667
0.1333333333333333 0.7333333333333336 0.1333333333333331
0.6000000000000003 0.2666666666666665 0.1333333333333332
0.4666666666666671 0.2000000000000001 0.3333333333333328
0.4666666666666671 0.2666666666666667 0.2666666666666662
0.4666666666666672 0.3333333333333333 0.1999999999999995
0.2666666666666672 0.06666666666666654 0.6666666666666662
0.4000000000000001 0.4666666666666667 0.1333333333333331
0.4000000000000001 0.4000000000000001 0.1999999999999997
0.466666666666667 0.1333333333333333 0.3999999999999996
0.5333333333333339 0.333333333333333 0.1333333333333331
3 1001 0 44
315
316
317
318
319
320
321
322
323
324
325
326
327
328
329
330
331
332
333
334
335
336
337
338
339
340
341
342
343
344
345
346
347
348
349
350
351
352
353
354
355
356
357
358
0.1979344553559296 0.1979344553559289 0.2646011220225951
0.2063669286916561 0.3397002620249888 0.165872255016061
0.3396728908474537 0.2063395575141199 0.1703441015336769
0.1524176469177622 0.1519166391094658 0.4383273710608952
0.4769090199822371 0.1435756866489031 0.1435756866489031
0.1435756866489034 0.4769090199822362 0.1435756866489029
0.1412760799139954 0.3262360358751782 0.2924854383203236
0.2859793578525816 0.1358594457917951 0.3526460245192468
0.1369592921800409 0.1369592921800409 0.1440608942000513
0.3831790384182701 0.1249441790701771 0.2643719620300797
0.1211564759872594 0.1211564759872593 0.5399676400761411
0.3141764592009256 0.380843125867592 0.114176459200925
0.1112457416944346 0.5883213783358094 0.1112457416944344
0.58832137833581 0.1112457416944344 0.1112457416944343
0.1142887253451332 0.2717960806859145 0.4009366494687431
0.1160750911879885 0.1160750911879885 0.3133571189361209
0.1150751984218734 0.4484085317552063 0.254056057171501
0.4484085317552071 0.2540560571715009 0.115075198421873
0.2963129100027507 0.2963129100027501 0.2296462433360829
0.2255417925163542 0.2238764227846524 0.1178618328874717
0.2925410095541655 0.1096944603696172 0.1096944603696172
0.224553700372045 0.1010290812373323 0.5010290812373316
0.2168655897091026 0.2367609445908664 0.3700942779241992
0.1153501497926742 0.3018268004829775 0.1023454895387093
0.101450905279687 0.2243443708138759 0.5014509052796856
0.271639224960891 0.1135480502034394 0.2262091315999161
0.1075648791400148 0.2499161782110365 0.2084753243498372
0.2483256941909615 0.4676649777392837 0.1149923608576276
0.4858030396042652 0.1016774866393312 0.2422136699715829
0.3231652492097439 0.2101412706887934 0.2860810049294614
0.3740409475007465 0.3073742808340795 0.1627188046946865
0.1089933867448874 0.3810004987869054 0.1725055484785497
0.1059936700568165 0.1059936700568156 0.6393270033901487
0.09089963087347695 0.3731932159822725 0.3731932159822722
0.3838567345863251 0.09579262596141025 0.1622023526882636
0.3758153983898779 0.088772254380028 0.3758153983898769
0.09492346115778839 0.220288387004124 0.3098770115393849
0.09126296452221386 0.5423934750401297 0.1972554211800142
0.5423934750401306 0.1972554211800141 0.09126296452221336
0.1993658492796272 0.3949235971885407 0.2488994254984759
0.197189811032297 0.5470258918511596 0.08927528500518889
0.2425962255305184 0.3092628921971843 0.3092628921971839
0.3095235920844064 0.1095235920844057 0.4428569254177384
0.1982164808955331 0.08876097980990966 0.3638922194835549
$EndNodes
$Elements
11 1791 1 1791
1 12 1 10
1 1 5 
2 5 6 
3 6 7 
4 7 8 
5 8 9 
6 9 10 
7 10 11 
8 11 12 
9 12 13 
10 13 2 
1 13 1 10
11 1 14 
12 14 15 
13 15 16 
14 16 17 
15 17 18 
16 18 19 
17 19 20 
18 20 21 
19 21 22 
20 22 3 
1 14 1 10
21 1 23 
22 23 24 
23 24 25 
24 25 26 
25 26 27 
26 27 28 
27 28 29 
28 29 30 
29 30 31 
30 31 4 
1 23 1 15
31 2 32 
32 32 33 
33 33 34 
34 34 35 
35 35 36 
36 36 37 
37 37 38 
38 38 39 
39 39 40 
40 40 41 
41 41 42 
42 42 43 
43 43 44 
44 44 45 
45 45 3 
1 24 1 15
46 2 46 
47 46 47 
48 47 48 
49 48 49 
50 49 50 
51 50 51 
52 51 52 
53 52 53 
54 53 54 
55 54 55 
56 55 56 
57 56 57 
58 57 58 
59 58 59 
60 59 4 
1 34 1 15
61 3 60 
62 60 61 
63 61 62 
64 62 63 
65 63 64 
66 64 65 
67 65 66 
68 66 67 
69 67 68 
70 68 69 
71 69 70 
72 70 71 
73 71 72 
74 72 73 
75 73 4 
2 101 2 133
76 5 118 1 
77 1 118 14 
78 13 2 32 
79 22 45 3 
80 6 108 5 
81 108 118 5 
82 7 75 6 
83 75 108 6 
84 8 100 7 
85 7 100 75 
86 9 77 8 
87 77 100 8 
88 10 85 9 
89 9 85 77 
90 11 81 10 
91 81 85 10 
92 12 121 11 
93 11 121 81 
94 13 112 12 
95 12 112 84 
96 84 121 12 
97 32 112 13 
98 14 83 15 
99 14 118 83 
100 15 114 16 
101 83 114 15 
102 16 76 17 
103 16 114 76 
104 17 111 18 
105 76 111 17 
106 18 80 19 
107 18 111 80 
108 19 102 20 
109 80 102 19 
110 20 101 21 
111 20 102 101 
112 21 113 22 
113 101 113 21 
114 22 113 45 
115 33 112 32 
116 34 84 33 
117 84 112 33 
118 35 99 34 
119 34 99 84 
120 36 110 35 
121 35 110 99 
122 37 79 36 
123 79 110 36 
124 38 104 37 
125 37 104 79 
126 39 74 38 
127 74 104 38 
128 40 105 39 
129 39 105 74 
130 41 78 40 
131 78 105 40 
132 42 115 41 
133 41 115 78 
134 43 82 42 
135 82 115 42 
136 44 122 43 
137 43 122 82 
138 45 113 44 
139 113 122 44 
140 90 104 74 
141 74 109 90 
142 105 109 74 
143 100 106 75 
144 106 107 75 
145 107 108 75 
146 76 95 93 
147 93 96 76 
148 76 114 95 
149 96 111 76 
150 85 86 77 
151 86 87 77 
152 87 100 77 
153 78 116 105 
154 115 123 78 
155 78 123 116 
156 104 120 79 
157 79 117 110 
158 79 120 117 
159 80 103 102 
160 80 119 103 
161 111 119 80 
162 81 98 85 
163 81 99 98 
164 81 121 99 
165 101 102 82 
166 82 122 101 
167 102 103 82 
168 103 115 82 
169 83 107 95 
170 95 114 83 
171 83 108 107 
172 83 118 108 
173 99 121 84 
174 85 98 86 
175 86 88 87 
176 86 117 88 
177 98 117 86 
178 88 89 87 
179 89 106 87 
180 87 106 100 
181 88 90 89 
182 88 120 90 
183 117 120 88 
184 90 91 89 
185 91 92 89 
186 92 106 89 
187 90 109 91 
188 90 120 104 
189 91 93 92 
190 91 94 93 
191 91 109 94 
192 93 95 92 
193 95 107 92 
194 92 107 106 
195 94 96 93 
196 94 97 96 
197 94 116 97 
198 109 116 94 
199 97 119 96 
200 96 119 111 
201 103 119 97 
202 97 123 103 
203 116 123 97 
204 99 110 98 
205 110 117 98 
206 101 122 113 
207 103 123 115 
208 105 116 109 
2 102 2 133
209 5 168 1 
210 1 168 23 
211 13 2 46 
212 31 59 4 
213 6 158 5 
214 158 168 5 
215 7 125 6 
216 125 158 6 
217 8 150 7 
218 7 150 125 
219 9 127 8 
220 127 150 8 
221 10 135 9 
222 9 135 127 
223 11 131 10 
224 131 135 10 
225 12 171 11 
226 11 171 131 
227 13 162 12 
228 12 162 134 
229 134 171 12 
230 46 162 13 
231 23 133 24 
232 23 168 133 
233 24 164 25 
234 133 164 24 
235 25 126 26 
236 25 164 126 
237 26 161 27 
238 126 161 26 
239 27 130 28 
240 27 161 130 
241 28 152 29 
242 130 152 28 
243 29 151 30 
244 29 152 151 
245 30 163 31 
246 151 163 30 
247 31 163 59 
248 47 162 46 
249 48 134 47 
250 134 162 47 
251 49 149 48 
252 48 149 134 
253 50 160 49 
254 49 160 149 
255 51 129 50 
256 129 160 50 
257 52 154 51 
258 51 154 129 
259 53 124 52 
260 124 154 52 
261 54 155 53 
262 53 155 124 
263 55 128 54 
264 128 155 54 
265 56 165 55 
266 55 165 128 
267 57 132 56 
268 132 165 56 
269 58 172 57 
270 57 172 132 
271 59 163 58 
272 163 172 58 
273 140 154 124 
274 124 159 140 
275 155 159 124 
276 150 156 125 
277 156 157 125 
278 157 158 125 
279 126 145 143 
280 143 146 126 
281 126 164 145 
282 146 161 126 
283 135 136 127 
284 136 137 127 
285 137 150 127 
286 128 166 155 
287 165 173 128 
288 128 173 166 
289 154 170 129 
290 129 167 160 
291 129 170 167 
292 130 153 152 
293 130 169 153 
294 161 169 130 
295 131 148 135 
296 131 149 148 
297 131 171 149 
298 151 152 132 
299 132 172 151 
300 152 153 132 
301 153 165 132 
302 133 157 145 
303 145 164 133 
304 133 158 157 
305 133 168 158 
306 149 171 134 
307 135 148 136 
308 136 138 137 
309 136 167 138 
310 148 167 136 
311 138 139 137 
312 139 156 137 
313 137 156 150 
314 138 140 139 
315 138 170 140 
316 167 170 138 
317 140 141 139 
318 141 142 139 
319 142 156 139 
320 140 159 141 
321 140 170 154 
322 141 143 142 
323 141 144 143 
324 141 159 144 
325 143 145 142 
326 145 157 142 
327 142 157 156 
328 144 146 143 
329 144 147 146 
330 144 166 147 
331 159 166 144 
332 147 169 146 
333 146 169 161 
334 153 169 147 
335 147 173 153 
336 166 173 147 
337 149 160 148 
338 160 167 148 
339 151 172 163 
340 153 173 165 
341 155 166 159 
2 103 2 133
342 14 218 1 
343 1 218 23 
344 3 60 22 
345 73 4 31 
346 15 208 14 
347 208 218 14 
348 16 175 15 
349 175 208 15 
350 17 200 16 
351 16 200 175 
352 18 177 17 
353 177 200 17 
354 19 185 18 
355 18 185 177 
356 20 181 19 
357 181 185 19 
358 21 221 20 
359 20 221 181 
360 22 212 21 
361 21 212 184 
362 184 221 21 
363 60 212 22 
364 23 183 24 
365 23 218 183 
366 24 214 25 
367 183 214 24 
368 25 176 26 
369 25 214 176 
370 26 211 27 
371 176 211 26 
372 27 180 28 
373 27 211 180 
374 28 202 29 
375 180 202 28 
376 29 201 30 
377 29 202 201 
378 30 213 31 
379 201 213 30 
380 31 213 73 
381 61 212 60 
382 62 184 61 
383 184 212 61 
384 63 199 62 
385 62 199 184 
386 64 210 63 
387 63 210 199 
388 65 179 64 
389 179 210 64 
390 66 204 65 
391 65 204 179 
392 67 174 66 
393 174 204 66 
394 68 205 67 
395 67 205 174 
396 69 178 68 
397 178 205 68 
398 70 215 69 
399 69 215 178 
400 71 182 70 
401 182 215 70 
402 72 222 71 
403 71 222 182 
404 73 213 72 
405 213 222 72 
406 190 204 174 
407 174 209 190 
408 205 209 174 
409 200 206 175 
410 206 207 175 
411 207 208 175 
412 176 195 193 
413 193 196 176 
414 176 214 195 
415 196 211 176 
416 185 186 177 
417 186 187 177 
418 187 200 177 
419 178 216 205 
420 215 223 178 
421 178 223 216 
422 204 220 179 
423 179 217 210 
424 179 220 217 
425 180 203 202 
426 180 219 203 
427 211 219 180 
428 181 198 185 
429 181 199 198 
430 181 221 199 
431 201 202 182 
432 182 222 201 
433 202 203 182 
434 203 215 182 
435 183 207 195 
436 195 214 183 
437 183 208 207 
438 183 218 208 
439 199 221 184 
440 185 198 186 
441 186 188 187 
442 186 217 188 
443 198 217 186 
444 188 189 187 
445 189 206 187 
446 187 206 200 
447 188 190 189 
448 188 220 190 
449 217 220 188 
450 190 191 189 
451 191 192 189 
452 192 206 189 
453 190 209 191 
454 190 220 204 
455 191 193 192 
456 191 194 193 
457 191 209 194 
458 193 195 192 
459 195 207 192 
460 192 207 206 
461 194 196 193 
462 194 197 196 
463 194 216 197 
464 209 216 194 
465 197 219 196 
466 196 219 211 
467 203 219 197 
468 197 223 203 
469 216 223 197 
470 199 210 198 
471 210 217 198 
472 201 222 213 
473 203 223 215 
474 205 216 209 
2 104 2 225
475 46 2 32 
476 60 45 3 
477 73 4 59 
478 33 238 32 
479 32 238 46 
480 34 274 33 
481 33 274 238 
482 35 232 34 
483 232 274 34 
484 36 286 35 
485 35 286 232 
486 37 230 36 
487 230 286 36 
488 38 287 37 
489 37 287 230 
490 39 224 38 
491 224 287 38 
492 40 302 39 
493 39 302 224 
494 41 231 40 
495 231 302 40 
496 42 272 41 
497 41 272 231 
498 43 234 42 
499 234 272 42 
500 44 278 43 
501 43 278 234 
502 45 239 44 
503 239 278 44 
504 60 239 45 
505 46 238 47 
506 47 294 48 
507 238 294 47 
508 48 236 49 
509 48 294 236 
510 49 310 50 
511 236 310 49 
512 50 227 51 
513 50 310 227 
514 51 303 52 
515 227 303 51 
516 52 304 53 
517 303 304 52 
518 53 225 54 
519 53 304 225 
520 54 266 55 
521 225 266 54 
522 55 233 56 
523 55 266 233 
524 56 284 57 
525 233 284 56 
526 57 283 58 
527 57 284 283 
528 58 299 59 
529 283 299 58 
530 59 299 73 
531 61 239 60 
532 62 237 61 
533 237 239 61 
534 63 279 62 
535 62 279 237 
536 64 228 63 
537 228 279 63 
538 65 240 64 
539 64 240 228 
540 66 295 65 
541 65 295 240 
542 67 226 66 
543 226 295 66 
544 68 281 67 
545 67 281 226 
546 69 280 68 
547 280 281 68 
548 70 229 69 
549 229 280 69 
550 71 289 70 
551 70 289 229 
552 72 235 71 
553 235 289 71 
554 73 299 72 
555 72 299 235 
556 263 287 224 
557 224 288 263 
558 224 302 288 
559 225 285 266 
560 225 313 285 
561 304 313 225 
562 281 282 226 
563 282 311 226 
564 226 311 295 
565 227 301 265 
566 265 303 227 
567 227 310 301 
568 240 241 228 
569 241 291 228 
570 228 291 279 
571 229 306 280 
572 289 300 229 
573 300 306 229 
574 260 261 230 
575 230 287 260 
576 261 286 230 
577 272 276 231 
578 276 277 231 
579 277 302 231 
580 232 286 264 
581 264 296 232 
582 232 296 274 
583 266 267 233 
584 267 268 233 
585 268 284 233 
586 234 273 272 
587 234 305 273 
588 278 305 234 
589 283 290 235 
590 235 299 283 
591 235 290 289 
592 236 296 275 
593 275 310 236 
594 294 296 236 
595 237 278 239 
596 237 305 278 
597 279 305 237 
598 274 294 238 
599 240 242 241 
600 240 295 242 
601 242 243 241 
602 243 257 241 
603 257 291 241 
604 242 244 243 
605 242 311 244 
606 295 311 242 
607 244 245 243 
608 245 297 243 
609 243 297 257 
610 244 246 245 
611 244 312 246 
612 311 312 244 
613 246 247 245 
614 247 256 245 
615 256 297 245 
616 246 248 247 
617 246 249 248 
618 246 312 249 
619 248 250 247 
620 250 293 247 
621 247 293 256 
622 249 292 248 
623 248 251 250 
624 248 292 251 
625 249 308 292 
626 249 309 308 
627 249 312 309 
628 251 252 250 
629 252 253 250 
630 253 293 250 
631 251 255 252 
632 251 258 255 
633 251 292 258 
634 252 254 253 
635 252 298 254 
636 255 298 252 
637 254 260 253 
638 260 263 253 
639 263 293 253 
640 254 261 260 
641 254 262 261 
642 254 298 262 
643 258 259 255 
644 259 265 255 
645 265 298 255 
646 256 288 277 
647 277 297 256 
648 256 293 288 
649 257 276 273 
650 273 291 257 
651 257 297 276 
652 258 313 259 
653 292 307 258 
654 307 313 258 
655 259 303 265 
656 259 304 303 
657 259 313 304 
658 260 287 263 
659 262 264 261 
660 264 286 261 
661 262 275 264 
662 262 301 275 
663 298 301 262 
664 288 293 263 
665 275 296 264 
666 265 301 298 
667 266 285 267 
668 267 269 268 
669 267 270 269 
670 267 285 270 
671 269 300 268 
672 268 290 284 
673 268 300 290 
674 270 271 269 
675 271 306 269 
676 269 306 300 
677 270 308 271 
678 285 307 270 
679 307 308 270 
680 271 314 306 
681 308 309 271 
682 309 314 271 
683 273 276 272 
684 273 305 291 
685 274 296 294 
686 301 310 275 
687 276 297 277 
688 288 302 277 
689 291 305 279 
690 280 314 281 
691 306 314 280 
692 281 314 282 
693 309 312 282 
694 282 314 309 
695 282 312 311 
696 284 290 283 
697 285 313 307 
698 290 300 289 
699 292 308 307 
3 1001 4 1092
700 317 319 308 324 
701 196 317 319 332 
702 127 77 318 330 
703 308 324 319 343 
704 187 320 316 342 
705 308 319 317 332 
706 196 319 317 349 
707 187 316 320 346 
708 191 326 334 345 
709 187 320 177 346 
710 308 319 270 343 
711 252 255 298 318 
712 127 100 77 330 
713 196 317 335 349 
714 100 127 150 330 
715 252 255 318 337 
716 298 318 255 357 
717 187 177 200 346 
718 255 318 337 357 
719 127 318 77 325 
720 220 311 242 342 
721 191 326 192 334 
722 189 187 316 342 
723 246 244 326 354 
724 254 318 298 325 
725 187 338 316 346 
726 193 196 317 335 
727 298 336 318 357 
728 177 111 200 346 
729 185 80 320 327 
730 193 191 192 334 
731 193 317 332 345 
732 318 325 254 339 
733 244 342 326 354 
734 193 317 196 332 
735 177 320 111 346 
736 271 319 308 332 
737 187 200 338 346 
738 180 319 130 328 
739 254 298 262 325 
740 298 325 318 336 
741 75 125 323 330 
742 147 328 169 343 
743 114 83 175 338 
744 189 326 316 334 
745 246 326 316 354 
746 315 330 323 340 
747 323 330 157 340 
748 77 318 86 325 
749 136 318 127 325 
750 111 177 185 320 
751 189 316 326 342 
752 313 285 159 343 
753 185 80 111 320 
754 333 334 326 345 
755 275 301 148 325 
756 264 98 261 325 
757 193 332 191 345 
758 311 209 282 326 
759 127 318 137 358 
760 316 326 342 354 
761 169 328 319 343 
762 127 137 150 358 
763 157 330 156 340 
764 180 211 130 319 
765 267 269 328 343 
766 156 340 330 358 
767 271 270 308 319 
768 77 87 86 318 
769 137 127 136 318 
770 189 192 326 334 
771 282 326 209 345 
772 326 333 316 334 
773 282 209 332 345 
774 125 158 75 323 
775 108 75 158 323 
776 242 311 220 295 
777 220 190 311 342 
778 206 189 187 316 
779 313 343 159 350 
780 119 320 80 327 
781 308 317 324 344 
782 319 328 269 343 
783 173 267 153 343 
784 219 319 180 328 
785 169 130 319 328 
786 189 316 206 334 
787 98 261 325 339 
788 86 325 318 339 
789 120 90 260 329 
790 318 325 136 336 
791 243 320 342 354 
792 148 325 301 336 
793 252 318 254 337 
794 211 161 130 319 
795 80 119 111 320 
796 219 211 180 319 
797 161 169 130 319 
798 322 337 318 357 
799 318 329 254 337 
800 90 263 260 329 
801 243 342 245 354 
802 200 111 76 346 
803 206 316 187 338 
804 245 342 244 354 
805 253 252 254 329 
806 311 174 226 282 
807 262 254 325 339 
808 250 337 293 356 
809 313 324 343 350 
810 255 337 322 357 
811 181 305 102 327 
812 268 290 284 152 
813 290 300 289 202 
814 246 316 326 333 
815 196 335 176 349 
816 308 332 317 345 
817 86 318 87 339 
818 137 318 136 336 
819 211 319 196 349 
820 109 277 288 331 
821 267 328 153 343 
822 298 262 325 336 
823 209 314 282 332 
824 311 209 174 282 
825 273 102 305 327 
826 83 323 175 338 
827 290 300 202 328 
828 268 290 152 328 
829 252 254 329 337 
830 208 175 83 323 
831 166 159 285 343 
832 291 305 199 327 
833 246 245 244 354 
834 318 254 329 339 
835 253 252 329 337 
836 293 337 329 356 
837 164 214 183 335 
838 307 285 313 343 
839 254 252 298 318 
840 311 190 326 342 
841 316 333 246 354 
842 316 321 315 356 
843 313 159 285 225 
844 277 109 288 302 
845 281 282 209 314 
846 109 116 277 331 
847 175 323 207 338 
848 209 216 314 332 
849 311 190 209 326 
850 125 157 323 330 
851 107 75 323 330 
852 107 330 341 351 
853 120 329 260 339 
854 181 199 305 327 
855 290 202 152 328 
856 107 330 323 341 
857 249 344 333 345 
858 208 207 175 323 
859 293 329 321 356 
860 275 325 148 347 
861 98 325 264 347 
862 307 313 324 343 
863 316 315 333 356 
864 308 307 292 344 
865 189 206 192 334 
866 181 221 102 305 
867 220 311 190 295 
868 285 159 166 225 
869 109 277 116 302 
870 216 281 209 314 
871 209 191 332 345 
872 177 186 185 320 
873 159 343 324 350 
874 217 220 240 242 
875 308 324 307 344 
876 211 161 319 349 
877 148 301 167 336 
878 174 190 209 311 
879 98 117 261 339 
880 315 316 333 334 
881 290 152 202 151 
882 201 290 202 151 
883 187 186 320 342 
884 193 194 191 332 
885 87 318 329 339 
886 95 323 338 341 
887 220 242 217 355 
888 193 176 196 335 
889 147 153 169 328 
890 87 329 318 351 
891 87 318 330 351 
892 315 330 340 358 
893 315 321 316 341 
894 301 275 148 310 
895 286 264 98 261 
896 200 76 338 346 
897 211 196 176 349 
898 317 334 333 345 
899 114 95 83 338 
900 220 342 242 355 
901 217 242 240 355 
902 147 153 328 343 
903 323 330 315 341 
904 308 292 249 344 
905 297 331 320 354 
906 209 326 191 345 
907 109 331 288 348 
908 206 334 316 338 
909 85 135 77 325 
910 137 318 336 358 
911 333 344 317 345 
912 319 324 317 349 
913 135 127 77 325 
914 189 192 191 326 
915 316 334 315 341 
916 315 333 317 334 
917 316 342 320 354 
918 187 186 177 320 
919 317 334 193 335 
920 211 176 161 349 
921 231 277 116 352 
922 280 314 216 353 
923 153 267 268 328 
924 142 340 156 358 
925 315 341 330 351 
926 231 116 123 352 
927 216 223 280 353 
928 147 173 153 343 
929 262 301 275 325 
930 264 261 262 325 
931 269 270 319 343 
932 329 337 321 356 
933 144 324 159 343 
934 263 329 90 348 
935 195 334 323 335 
936 231 276 277 352 
937 280 306 314 353 
938 323 334 207 338 
939 277 331 116 352 
940 216 314 332 353 
941 279 291 305 199 
942 318 330 337 358 
943 241 240 242 355 
944 164 183 133 335 
945 189 188 187 342 
946 266 267 173 343 
947 145 335 323 340 
948 126 161 176 349 
949 317 315 334 340 
950 209 191 194 332 
951 95 323 83 338 
952 256 331 321 348 
953 315 317 333 344 
954 221 102 305 101 
955 199 198 291 327 
956 142 157 156 340 
957 309 332 308 345 
958 91 321 331 348 
959 251 322 255 337 
960 118 168 218 323 
961 142 322 340 358 
962 320 327 119 352 
963 155 166 159 225 
964 205 281 209 216 
965 302 116 109 105 
966 125 157 158 323 
967 108 107 75 323 
968 218 208 118 323 
969 219 319 328 353 
970 300 182 289 202 
971 102 273 103 327 
972 98 110 286 261 
973 300 203 202 328 
974 152 153 268 328 
975 96 331 320 352 
976 91 331 94 348 
977 246 326 312 345 
978 318 337 330 351 
979 256 321 331 354 
980 196 332 319 353 
981 267 173 153 233 
982 110 98 117 261 
983 204 220 190 295 
984 104 120 90 287 
985 89 321 329 351 
986 315 337 330 358 
987 243 297 257 320 
988 183 323 133 335 
989 258 344 324 350 
990 269 270 271 319 
991 322 324 141 340 
992 256 321 293 348 
993 168 108 158 323 
994 266 173 166 343 
995 269 267 270 343 
996 258 307 324 344 
997 246 333 326 345 
998 120 260 230 339 
999 153 268 267 233 
1000 111 320 96 346 
1001 118 108 168 323 
1002 265 170 227 336 
1003 207 323 195 334 
1004 139 322 142 358 
1005 258 322 344 350 
1006 181 221 305 199 
1007 294 274 296 171 
1008 195 323 183 335 
1009 323 334 315 340 
1010 157 145 323 340 
1011 107 106 330 351 
1012 315 340 317 344 
1013 321 329 293 348 
1014 142 322 141 340 
1015 268 267 269 328 
1016 288 331 256 348 
1017 169 319 146 343 
1018 117 120 230 339 
1019 87 329 88 339 
1020 323 335 334 340 
1021 167 227 170 336 
1022 186 320 342 355 
1023 231 123 276 352 
1024 306 280 223 353 
1025 318 322 357 358 
1026 262 325 261 339 
1027 330 337 315 351 
1028 252 251 255 337 
1029 301 325 262 336 
1030 293 321 256 354 
1031 199 181 198 327 
1032 258 292 307 344 
1033 257 243 320 355 
1034 119 96 320 352 
1035 318 357 336 358 
1036 297 257 320 352 
1037 196 319 219 353 
1038 307 324 313 350 
1039 269 319 271 353 
1040 96 320 331 346 
1041 253 329 254 339 
1042 96 111 119 320 
1043 146 169 161 319 
1044 219 196 211 319 
1045 91 321 89 351 
1046 133 323 145 335 
1047 166 144 159 343 
1048 258 324 307 350 
1049 296 171 121 347 
1050 120 88 329 339 
1051 282 312 326 345 
1052 194 193 196 332 
1053 324 344 322 350 
1054 315 340 322 358 
1055 274 296 171 121 
1056 237 101 305 278 
1057 235 283 290 201 
1058 142 139 141 322 
1059 321 341 93 346 
1060 96 97 331 352 
1061 94 331 109 348 
1062 187 188 186 342 
1063 196 197 332 353 
1064 198 228 291 355 
1065 153 284 268 233 
1066 230 261 117 339 
1067 301 227 167 336 
1068 311 244 242 342 
1069 245 243 244 342 
1070 293 247 321 354 
1071 95 107 323 341 
1072 92 93 321 341 
1073 125 156 157 330 
1074 107 106 75 330 
1075 263 224 74 287 
1076 226 174 311 295 
1077 124 304 259 303 
1078 127 100 8 77 
1079 77 9 135 85 
1080 309 271 308 332 
1081 253 260 263 329 
1082 8 150 100 127 
1083 77 9 127 135 
1084 75 100 150 330 
1085 150 125 75 330 
1086 334 338 323 341 
1087 149 275 236 310 
1088 264 99 232 286 
1089 199 279 291 228 
1090 135 85 81 347 
1091 164 133 145 335 
1092 214 195 183 335 
1093 312 246 244 326 
1094 282 312 311 326 
1095 150 7 100 75 
1096 7 150 125 75 
1097 131 135 81 347 
1098 217 220 179 240 
1099 170 227 167 129 
1100 230 120 117 79 
1101 316 320 346 354 
1102 183 218 168 323 
1103 251 322 337 344 
1104 183 195 207 323 
1105 260 329 253 339 
1106 189 326 188 342 
1107 101 305 221 237 
1108 258 255 251 322 
1109 83 118 208 323 
1110 258 322 251 344 
1111 141 324 322 350 
1112 293 321 247 356 
1113 146 319 161 349 
1114 293 256 247 354 
1115 140 303 259 357 
1116 166 285 266 343 
1117 320 331 297 352 
1118 257 327 320 352 
1119 322 337 315 358 
1120 282 332 309 345 
1121 227 301 167 310 
1122 269 328 319 353 
1123 271 319 332 353 
1124 195 193 334 335 
1125 320 327 257 355 
1126 321 316 354 356 
1127 92 93 91 321 
1128 135 325 85 347 
1129 98 325 86 339 
1130 136 325 148 336 
1131 266 285 267 343 
1132 291 327 198 355 
1133 251 344 337 356 
1134 203 182 300 202 
1135 103 102 82 273 
1136 311 326 244 342 
1137 230 260 261 339 
1138 260 253 254 339 
1139 265 227 301 336 
1140 293 329 253 348 
1141 106 87 330 351 
1142 99 98 264 347 
1143 275 148 149 347 
1144 201 283 290 151 
1145 276 272 273 352 
1146 229 300 306 353 
1147 109 224 288 302 
1148 159 313 304 225 
1149 336 357 138 358 
1150 317 334 335 340 
1151 315 334 323 341 
1152 273 272 103 352 
1153 203 300 229 353 
1154 319 146 343 349 
1155 125 158 6 75 
1156 85 77 86 325 
1157 135 136 127 325 
1158 158 108 6 75 
1159 243 342 320 355 
1160 92 321 91 351 
1161 147 169 146 343 
1162 135 10 81 85 
1163 246 354 333 356 
1164 139 350 322 357 
1165 258 307 313 350 
1166 262 325 275 347 
1167 264 325 262 347 
1168 316 338 334 341 
1169 131 10 81 135 
1170 121 99 296 347 
1171 296 149 171 347 
1172 316 341 321 346 
1173 319 343 324 349 
1174 276 123 272 352 
1175 223 229 306 353 
1176 220 188 190 342 
1177 277 297 331 352 
1178 251 248 344 356 
1179 265 170 336 357 
1180 271 332 314 353 
1181 288 277 256 331 
1182 259 304 124 350 
1183 120 88 90 329 
1184 274 294 134 171 
1185 292 248 249 333 
1186 309 282 314 332 
1187 263 74 224 348 
1188 170 265 303 357 
1189 176 335 126 349 
1190 305 291 273 327 
1191 137 336 138 358 
1192 154 303 140 357 
1193 290 268 300 328 
1194 247 321 354 356 
1195 119 97 96 352 
1196 247 354 246 356 
1197 196 219 197 353 
1198 92 341 321 351 
1199 133 157 145 323 
1200 83 95 107 323 
1201 259 124 140 350 
1202 277 276 297 352 
1203 263 293 253 348 
1204 256 293 288 348 
1205 271 314 306 353 
1206 138 357 139 358 
1207 28 152 202 328 
1208 315 337 321 351 
1209 94 116 109 331 
1210 28 202 180 328 
1211 152 28 130 328 
1212 318 329 337 351 
1213 211 26 161 176 
1214 209 194 216 332 
1215 106 87 100 330 
1216 103 327 273 352 
1217 90 74 263 348 
1218 263 253 329 348 
1219 28 180 130 328 
1220 203 328 300 353 
1221 305 102 82 101 
1222 89 329 87 351 
1223 80 185 181 327 
1224 76 111 96 346 
1225 202 152 29 151 
1226 201 202 29 151 
1227 264 232 99 347 
